56.2376
62.7363
64.8425
66.0983
64.8337
65.1738
64.9732
64.9862
65.5558
65.4000
63.3930
65.5937
67.8153
67.1506
68.7303
68.9291
69.6640
67.7727
65.4470
68.6113
66.0432
65.7817
65.4469
66.0585
66.0994
65.0862
62.6632
62.8353
62.4001
62.1307
61.7235
63.5083
62.5906
60.7109
61.2718
62.2248
62.3649
61.8745
61.8457
59.9938
60.6649
62.6797
60.9595
61.3167
62.1497
61.7510
61.3483
59.8308
60.0341
59.4452
58.7710
57.3879
56.4271
57.7279
58.4643
57.6500
58.3536
56.9902
56.7534
56.5161
55.3328
54.0270
52.5424
51.0678
52.4220
51.9749
50.5033
49.6749
50.5295
51.5207
53.9728
53.6555
51.6011
50.2473
51.4690
52.3041
51.7029
51.1388
51.7574
49.9816
50.3615
50.7511
50.9140
49.5366
50.0774
50.0115
49.2175
49.1777
49.7919
49.9204
49.7901
49.8613
50.3223
51.0178
52.2907
52.9716
52.8213
53.4413
53.0590
54.9908
56.2463
56.0435
55.9100
54.8219
54.5285
55.2679
54.0409
53.8999
53.3301
53.8006
53.5569
54.2081
54.0746
54.6026
54.8126
55.5240
55.8413
55.4756
55.6555
55.6049
56.4112
57.2192
57.2174
56.9803
56.6685
56.6079
56.9774
56.6642
56.9504
56.8423
56.8336
57.0025
57.0232
57.3578
58.0374
58.7816
60.2231
59.7665
58.9906
60.3458
62.4677
62.9182
62.7184
63.8644
63.8399
64.4977
63.2098
65.0169
63.9988
64.9363
65.5034
65.8289
65.7222
66.9608
68.1216
70.7465
69.9461
69.3142
67.4473
66.4779
66.7152
65.3495
66.6756
67.0102
67.6850
68.4864
68.7932
67.6219
68.4961
68.0093
67.9571
67.1574
65.9273
65.3623
65.6445
66.1455
66.1747
66.0410
66.5151
65.6727
65.5470
66.2367
65.7364
65.0336
65.9414
65.6248
65.0962
62.7061
62.2942
61.2967
61.1535
62.2237
63.1248
62.2433
61.3587
61.4419
62.1620
62.6309
62.7888
61.9286
62.5038
63.5004
65.3159
64.1686
64.3742
63.7993
63.8525
63.3991
63.6832
64.6606
64.3908
64.5693
65.4541
66.6343
66.4607
65.4799
64.7785
64.9120
64.8673
65.5973
65.6210
65.4789
65.6836
66.2393
66.7370
66.2584
66.7402
67.7691
67.6698
68.5156
69.3026
69.2000
69.2151
69.1755
70.2244
70.8295
70.4012
70.5806
71.3215
71.2553
71.1211
70.9333
69.5165
70.2690
70.7865
72.5066
72.8827
72.9299
75.9507
76.6041
76.4275
76.5230
76.5650
78.6678
78.4862
79.4614
83.5913
80.5714
77.7965
81.8394
78.9969
77.3674
75.1723
76.3264
77.9273
79.2593
76.4609
77.3409
76.8614
78.6805
79.0689
79.1144
79.4951
77.7792
76.2450
77.8503
75.4575
76.3657
77.1326
76.3928
76.3929
75.0903
75.8994
74.0536
73.6256
73.8242
73.1854
72.3775
71.0928
70.3067
70.1542
70.5408
71.0256
68.5598
68.4026
68.8086
67.7764
67.6409
68.9328
68.4346
67.7807
68.7549
67.6076
67.8552
67.1410
68.6753
68.8901
68.5215
67.7960
67.4662
67.1250
66.3456
65.7662
66.4954
66.0452
68.2724
65.6474
66.0364
65.0254
66.2198
66.6295
66.4559
65.1618
65.1133
64.3334
66.1718
65.8918
66.1928
66.3277
66.2428
64.9607
64.9306
64.8895
64.5138
65.0641
66.2110
66.3775
67.0475
67.0493
65.8949
65.2062
66.0413
66.0825
65.9962
66.6156
66.7491
66.8529
65.7894
65.2089
64.6797
63.7402
64.7077
66.0306
65.9156
65.8618
65.4398
64.1509
64.1743
63.7162
64.3212
65.5287
65.0588
64.8095
64.2575
64.1755
64.0165
63.6844
64.2676
64.6304
64.0500
64.2488
64.2024
63.9029
63.8531
63.5773
63.1697
63.1154
62.9891
63.4183
63.7373
64.6270
64.9184
65.7408
65.9467
66.1125
67.0512
65.9553
66.8816
66.7420
66.3941
65.5627
65.0799
64.7848
64.8137
64.9497
64.3364
64.2076
63.9514
63.9943
63.5487
63.9391
64.2078
64.7684
64.8140
64.9459
64.7380
65.0810
64.9072
65.2535
65.2566
65.8684
64.7644
64.8306
64.3804
63.9730
64.1617
65.0539
64.8102
64.9737
65.2170
64.9940
64.9173
64.7513
64.4424
63.7942
63.8642
64.1506
63.6921
63.9509
63.1581
63.3960
62.5477
62.4323
62.4583
62.3900
62.3031
62.3884
62.1946
62.5892
63.3465
62.9934
63.1510
62.8900
62.5841
62.4194
62.4499
62.2349
62.0480
62.2597
63.0399
62.9037
63.2174
63.2025
63.4166
63.5043
63.9074
63.7364
63.8928
63.4161
65.2167
65.8591
65.5548
64.5463
64.9154
65.1023
64.3580
63.6282
64.0087
64.6279
64.6174
64.9153
64.9449
65.2382
63.6807
64.1528
63.9242
63.8741
63.9114
63.3901
63.3028
61.5804
61.0690
60.8079
61.6368
61.7515
61.7931
61.7967
61.1092
60.8641
60.8528
60.9084
60.8587
60.6669
60.2730
60.6569
59.8961
59.9533
60.1614
59.4978
59.3700
59.6067
59.4015
59.1830
59.3521
59.6697
59.5034
59.2168
59.1489
59.6356
60.3196
60.1618
60.0851
60.3099
59.9858
59.3137
58.7121
59.1933
59.5129
59.0235
58.8457
58.0619
57.7388
56.7719
57.1507
57.6342
58.0967
57.8590
57.4762
57.9371
57.9627
58.3776
58.4067
58.9099
58.3370
58.2630
58.8318
59.2174
59.1327
58.9540
59.1128
58.2437
57.9344
57.2847
57.2323
57.6360
57.5228
57.4247
57.0233
56.9364
57.0241
56.3779
55.9606
56.1396
56.5553
55.8940
56.4369
56.9201
57.3896
56.9552
56.7556
56.6019
56.2945
56.2505
55.9793
56.1753
56.4165
56.2307
56.0794
55.8453
56.3131
56.9707
56.9838
56.9518
57.0927
57.5714
58.5382
58.0824
57.1161
57.1640
56.5258
56.2603
56.7383
57.4683
57.1602
56.4988
56.5552
56.2743
56.0701
56.7560
56.7106
56.5168
56.6876
56.5373
56.6876
56.6152
56.6747
56.5878
56.9857
57.0020
56.9096
57.0303
57.4437
57.7408
57.9585
58.5786
60.0000
60.1482
59.6564
59.0014
58.8843
59.5415
59.0855
59.3862
58.9695
59.2295
59.5787
60.2426
60.3792
60.3014
60.7397
60.6227
60.1836
59.8806
59.0657
59.3705
59.2418
59.0823
58.9325
59.6572
59.8185
59.9102
59.4102
59.5436
60.0633
59.8454
60.5819
60.7503
60.3281
60.0605
59.9886
59.9611
59.9298
60.1873
59.7990
59.9266
59.6521
59.2490
59.3612
59.1409
59.0396
59.1312
59.1397
59.1476
58.5469
58.5320
58.7306
58.5454
58.0557
57.7817
57.8503
57.3387
57.1411
56.9966
57.1694
57.2656
57.6679
57.7706
57.5336
57.6242
58.0993
58.1290
58.2242
57.6527
57.5660
57.5186
58.0102
58.4255
58.0169
57.8134
57.9375
57.7832
57.5811
57.7612
58.3151
58.0713
57.9210
57.6869
57.6196
57.0861
57.3392
57.2721
57.5706
57.5118
57.4706
57.5852
57.6140
57.7643
58.0833
57.8716
58.1179
58.1557
58.0869
58.4296
58.4557
59.2480
59.2527
59.2808
59.1823
59.6207
60.2490
59.9898
59.6325
59.2746
59.4604
59.0061
58.4622
58.5318
58.2773
58.4125
58.3311
58.5814
58.5182
58.9911
58.6924
58.9281
59.2948
59.2811
59.2348
58.8370
59.1446
58.7082
58.8987
58.6940
58.6117
58.7170
58.5596
58.3152
58.1989
57.7343
57.4544
57.6291
57.6002
57.0463
56.8734
56.9957
56.6019
56.3569
56.3878
56.5925
56.7597
56.5892
56.6261
56.4115
56.3888
55.9288
55.8288
56.2908
56.2914
56.1840
56.2613
56.0408
56.6278
57.2196
56.9533
57.6736
58.1718
58.0171
57.7701
57.5899
56.5918
56.3554
56.3438
56.5201
56.6537
56.7608
55.9208
55.6717
56.3742
56.4334
56.6616
57.1000
56.5041
56.8011
56.6122
56.9359
56.9372
57.0188
57.4942
57.5521
57.7033
57.4954
56.8391
57.1072
57.0039
57.1747
57.5598
57.7626
57.2649
57.2850
57.5375
57.7646
57.5796
57.8332
58.5714
62.3699
64.0626
62.0659
61.4311
62.2794
61.1454
61.5539
60.8583
61.3222
61.7655
61.6644
61.7494
62.6027
62.7260
61.9997
63.4860
63.2012
62.7148
63.0066
62.5229
61.7354
61.7684
61.9164
62.3033
61.8215
61.9408
62.5327
61.2610
61.5945
61.4090
61.6659
62.2710
62.6420
62.5937
62.0188
62.2056
61.9290
61.9822
62.0064
61.8125
62.6680
62.3431
63.1164
62.2511
62.6851
63.4838
64.0683
63.6175
63.7873
63.2396
62.9497
62.7908
63.1359
63.2910
62.7565
63.1394
63.2194
63.2267
63.2604
63.1216
62.8338
62.4442
62.0980
62.2062
62.2934
62.2556
62.4352
62.9006
63.2746
63.4888
63.1957
62.9235
63.0836
62.9471
62.9726
62.7805
62.3497
62.5590
63.1358
63.4549
63.4975
63.5425
63.5950
66.2856
66.9075
68.2234
66.7535
66.3772
66.8932
66.8757
67.1807
67.1783
67.6163
68.5259
67.7911
67.3963
67.3911
68.1451
68.0821
68.0447
67.7443
68.2737
68.4628
68.2505
69.0286
69.8685
69.9744
69.5728
68.6370
68.2826
68.1958
67.7519
67.0098
66.4725
66.2497
66.1594
65.8244
65.7585
65.8355
65.5906
65.5745
65.2221
65.4244
66.2115
66.6270
66.9685
66.4032
66.1832
66.7727
65.9751
65.7508
65.5305
65.4026
65.7238
65.8140
65.3065
65.3101
65.6299
65.7476
65.6345
65.8129
65.7742
65.5962
65.6517
65.5799
65.9912
66.0918
66.2155
66.8497
67.5238
67.6812
67.9975
66.6159
65.9931
66.0081
65.5871
65.9485
65.6067
65.6664
66.5072
66.7800
66.9436
66.6342
66.5335
66.2921
66.4467
66.8242
66.7377
66.9227
66.2416
66.5022
66.4225
66.2550
66.4337
66.6208
66.7454
67.1121
67.3710
68.0085
68.4073
68.7448
68.8865
68.8762
69.5218
69.4706
67.0795
66.8605
66.9167
67.1920
67.0820
66.7617
66.4438
66.3309
66.3634
66.5499
66.3318
